
check point : 1
(2100.226807, -963.837402, 100.000000)(45.000000, 147.891968, 0.000000)(7.000000, 7.000000, 7.000000)

check point :2 
(2785.737549, -871.029846, 100.000000)(45.000000, 89.020805, 0.000000)(7.000000, 7.000000, 7.000000)

check point :3 
(3387.268555, -355.873444, 100.000000)(45.000000, -89.936874, 0.000000)(7.000000, 7.000000, 7.000000)

check point :4
(3655.793701, -1339.042236, 100.000000)(45.000000, -0.300871, 0.000000)(7.000000, 7.000000, 7.000000)

check point: 5
(2781.367432, -1435.623291, 100.000000)(45.000000, -342.155823, 0.000000)(7.000000, 7.000000, 7.000000)

check pooint: 6
2628.463135, -684.973389, 100.000000)(45.000000, 180.022018, 0.000000)(7.000000, 7.000000, 7.000000)

check point : 7 
(1028.907227, -931.419067, 100.000000)(45.000000, 179.241272, 0.000000)(7.000000, 7.000000, 7.000000)

check point : 8
(1062.260010, -931.419067, 100.000000), Vector3(45.000000, 179.241272, 0.000000)(7.000000, 7.000000, 7.000000)

check point : 9
(943.931152, -263.566711, 100.000000)(45.000000, 107.476852, 0.000000))(7.000000, 7.000000, 7.000000)

check point : 10 

(586.608276, -1249.448486, 100.000000)(45.000000, 40.070156, 0.000000)(7.000000, 7.000000, 7.000000)


// finihs line 
(1474.321533, -1469.868286, 100.000000)(45.000000, 0.000000, 0.000000)(7.000000, 7.000000, 7.000000)