(2900.000000, -1205.000000, 166.000000), (0.000000, 0.000000, 0.000000), (20.000000, 20.000000, 20.000000)
+2
(2900.000000, -1320.000000, 166.000000), (0.000000, 0.000000, 0.000000), (20.000000, 20.000000, 20.000000)

(1550.000000, -2420.000000, 166.000000), (0.000000, 0.000000, 0.000000), (20.000000, 20.000000, 20.000000)
(1510.000000, -2440.000000, 166.000000), (0.000000, 0.000000, 0.000000), (20.000000, 20.000000, 20.000000)
(1440.000000, -2465.000000, 166.000000), (0.000000, 0.000000, 0.000000), (20.000000, 20.000000, 20.000000)
(1380.000000, -2485.000000, 166.000000), (0.000000, 0.000000, 0.000000), (20.000000, 20.000000, 20.000000)

(3305.000000, -2405.000000, 166.000000), (0.000000, 0.000000, 0.000000), (20.000000, 20.000000, 20.000000)
(3365.000000, -2415.000000, 166.000000), (0.000000, 0.000000, 0.000000), (20.000000, 20.000000, 20.000000)
(3425.000000, -2430.000000, 166.000000), (0.000000, 0.000000, 0.000000), (20.000000, 20.000000, 20.000000)
(3490.000000, -2445.000000, 166.000000), (0.000000, 0.000000, 0.000000), (20.000000, 20.000000, 20.000000)

(4945.000000, -1970.000000, 166.000000), (0.000000, 0.000000, 0.000000), (20.000000, 20.000000, 20.000000)
(4990.000000, -2005.000000, 166.000000), (0.000000, 0.000000, 0.000000), (20.000000, 20.000000, 20.000000)
(5045.000000, -2050.000000, 166.000000), (0.000000, 0.000000, 0.000000), (20.000000, 20.000000, 20.000000)

(5705.000000, -2315.000000, 166.000000), (0.000000, 0.000000, 0.000000), (20.000000, 20.000000, 20.000000)
(5705.000000, -2350.000000, 166.000000), (0.000000, 0.000000, 0.000000), (20.000000, 20.000000, 20.000000)
(5705.000000, -2415.000000, 166.000000), (0.000000, 0.000000, 0.000000), (20.000000, 20.000000, 20.000000)
(5705.000000, -2480.000000, 166.000000), (0.000000, 0.000000, 0.000000), (20.000000, 20.000000, 20.000000)

(6855.000000, -800.000000, 166.000000), (0.000000, 0.000000, 0.000000), (20.000000, 20.000000, 20.000000)
+2
(6855.000000, -985.000000, 166.000000), (0.000000, 0.000000, 0.000000), (20.000000, 20.000000, 20.000000)

(9130.000000, -1945.000000, 166.000000), (0.000000, 0.000000, 0.000000), (20.000000, 20.000000, 20.000000)
(9175.000000, -1930.000000, 166.000000), (0.000000, 0.000000, 0.000000), (20.000000, 20.000000, 20.000000)
(9215.000000, -1900.000000, 166.000000), (0.000000, 0.000000, 0.000000), (20.000000, 20.000000, 20.000000)
(9255.000000, -1880.000000, 166.000000), (0.000000, 0.000000, 0.000000), (20.000000, 20.000000, 20.000000)

(10040.000000, -1180.000000, 166.000000), (0.000000, 0.000000, 0.000000), (20.000000, 20.000000, 20.000000)
+2
(10040.000000, -1025.000000, 166.000000), (0.000000, 0.000000, 0.000000), (20.000000, 20.000000, 20.000000)

(10330.000000, -2400.000000, 166.000000), (0.000000, 0.000000, 0.000000), (20.000000, 20.000000, 20.000000)
(10245.000000, -2400.000000, 166.000000), (0.000000, 0.000000, 0.000000), (20.000000, 20.000000, 20.000000)

(10785.000000, -1820.000000, 166.000000), (0.000000, 0.000000, 0.000000), (20.000000, 20.000000, 20.000000)
(10785.000000, -1700.000000, 166.000000), (0.000000, 0.000000, 0.000000), (20.000000, 20.000000, 20.000000)
(10800.000000, -1565.000000, 166.000000), (0.000000, 0.000000, 0.000000), (20.000000, 20.000000, 20.000000)

(12785.000000, -2000.000000, 166.000000), (0.000000, 0.000000, 0.000000), (20.000000, 20.000000, 20.000000)
(12725.000000, -1970.000000, 166.000000), (0.000000, 0.000000, 0.000000), (20.000000, 20.000000, 20.000000)
(12885.000000, -2450.000000, 166.000000), (0.000000, 0.000000, 0.000000), (20.000000, 20.000000, 20.000000)
(12810.000000, -2475.000000, 166.000000), (0.000000, 0.000000, 0.000000), (20.000000, 20.000000, 20.000000)

checkpoint

(13510.000000, -2225.000000, 166.000000), (0.000000, 0.000000, 0.000000), (20.000000, 20.000000, 20.000000)
